0.21167080000000002 1709.019572514525
0.2645885 -92096.38306345191
0.31750620000000007 -149034.31721874484
0.37042390000000003 -185198.9643615754
0.42334160000000004 -208717.67652417108
0.4762593 -224128.92016052076
0.529177 -234145.8657029992
0.5820947000000001 -240475.08035638172
0.6350124000000001 -244233.22417661845
0.6879301 -246173.1593205556
0.7408478 -246814.34418684794
0.7937655 -246522.36831559212
0.8466832000000001 -245559.33317569047
0.8996009000000001 -244116.35645823466
0.9525186000000001 -242334.75115554995
1.0054363 -240320.0115309719
1.058354 -238151.27097504813
1.1112717 -235887.91739194212
1.1641894000000002 -233574.39347250425
1.2171071000000002 -231243.78643894562
1.2700248 -228920.55965826917
1.3229425 -226622.64087436144
1.3758602 -224363.01257087558
1.4287779 -222150.9155218909
1.4816956000000001 -219992.75616118114
1.5346133 -217892.79187069897
1.587531 -215853.65249901343
1.6404487 -213876.74163768807
1.6933664000000002 -211962.54856742502
1.7462841000000002 -210110.8921004562
1.7992018 -208321.11083313735
1.8521195000000001 -206592.2100859468
1.9050372 -204922.97333154248
1.9579549 -203312.0445138483
2.0108726000000003 -201757.98682277888
2.0637903 -200259.32287754427
2.116708 -198814.56070975203
2.1696257 -197422.2093559287
2.2225434 -196080.7872598033
2.2754611000000002 -194788.82606882934
2.3283788000000003 -193544.87181662215
2.3812965000000004 -192347.4849401856
2.4342142000000004 -191195.24010767727
2.4871319 -190086.72644015067
2.5400496000000006 -189020.54840261623
2.5929673 -187995.32741299213
2.6458850000000007 -187009.70406459953
2.6988027000000003 -186062.3407683509
2.7517204000000004 -185151.92458264777
2.8046381000000005 -184277.16999988948
2.8575558 -183436.8214864993
2.9104735000000006 -182629.65561790037
2.9633912000000002 -181854.4827019336
3.0163089000000007 -181110.1478367511
3.0692266000000004 -180395.53139709256
3.1221443000000004 -179709.54898275388
3.1750620000000005 -179051.15089324967
3.2279797 -178419.3212127438
3.2808974000000006 -177813.0765998164
3.3338151000000003 -177231.46487876683
3.3867328000000003 -176673.56352452358
3.4396505000000004 -176138.4781235787
3.4925682000000005 -175625.3408803849
3.5454859000000005 -175133.30922391932
3.5984036000000006 -174661.564553918
3.6513213 -174209.31115166677
3.7042390000000007 -173775.77526698646
3.7571567000000003 -173360.20438163856
3.8100744000000004 -172961.86664012645
3.8629921000000005 -172580.05043182947
3.9159098 -172214.06410354038
3.9688275000000006 -171863.23577815684
4.021745200000001 -171526.91325736383
4.074662900000001 -171204.46397668423
4.127580600000001 -170895.27499926387
4.1804983 -170598.7530203408
4.233416 -170314.32436738018
4.2863337 -170041.43498058087
4.3392514 -169779.55036222743
4.3921691 -169528.15548650446
4.4450868 -169286.7546643559
4.4980045 -169054.8713605907
4.5509222000000005 -168832.04796269874
4.6038399000000005 -168617.84550270872
4.656757600000001 -168411.8433348752
4.709675300000001 -168213.63877306524
4.762593 -168022.84669244065
4.815510700000001 -167839.0991004546
4.868428400000001 -167662.04468233566
4.9213461 -167491.34832617492
4.9742638 -167326.69063250767
5.0271815 -167167.76741294077
5.080099200000001 -167014.28918193842
5.1330169 -166865.98064541767
5.1859346 -166722.58018930414
5.2388523000000005 -166583.83937071642
5.291770000000001 -166449.52241398647
